# unix_time, cycles_done, cur_path, paths_total, pending_total, pending_favs, map_size, unique_crashes, unique_hangs, max_depth, execs_per_sec
1745112305, 18446744073709551615, 0, 14, 14, 6, 0.00%, 0, 0, 1, 0.00
1745112309, 0, 0, 14, 14, 6, 0.28%, 0, 0, 1, inf
1745112314, 0, 1, 14, 14, 6, 0.28%, 0, 0, 1, 4.89
1745112319, 0, 1, 16, 16, 6, 0.29%, 0, 0, 2, 33.08
1745112324, 0, 1, 19, 19, 6, 0.30%, 0, 0, 2, 4.25
1745112330, 0, 1, 23, 23, 6, 0.31%, 0, 0, 2, 9.76
1745112335, 0, 1, 24, 24, 6, 0.31%, 0, 0, 2, 6.34
1745112340, 0, 1, 28, 28, 6, 0.31%, 0, 0, 2, 8.63
1745112345, 0, 1, 29, 29, 6, 0.32%, 0, 0, 2, 5.92
1745112360, 0, 1, 31, 31, 6, 0.32%, 0, 0, 2, 6.58
1745112381, 0, 1, 32, 32, 6, 0.32%, 0, 0, 2, 4.96
1745112387, 0, 1, 33, 33, 6, 0.32%, 0, 0, 2, 5.62
1745112392, 0, 1, 34, 34, 6, 0.33%, 0, 0, 2, 5.04
1745112448, 0, 1, 36, 36, 6, 0.34%, 0, 0, 2, 4.24
1745112573, 0, 1, 37, 37, 6, 0.34%, 0, 0, 2, 4.24
1745112753, 0, 1, 38, 38, 6, 0.34%, 0, 0, 2, 4.25
1745112758, 0, 1, 39, 39, 6, 0.34%, 0, 0, 2, 4.75
1745112779, 0, 1, 40, 40, 6, 0.34%, 0, 0, 2, 5.23
1745112809, 0, 1, 41, 41, 6, 0.34%, 0, 0, 2, 5.11
1745112825, 0, 1, 42, 42, 6, 0.34%, 0, 0, 2, 4.63
1745113005, 0, 1, 43, 43, 6, 0.34%, 0, 0, 2, 4.23
